,"(2, 10)","(2, 5)","(8, 4)","(5, 8)","(7, 5)","(6, 4)","(1, 2)","(4, 9)"
"(2, 10)",0.0,5.0,8.4853,3.6056,7.0711,7.2111,8.0623,2.2361
"(2, 5)",5.0,0.0,6.0828,4.2426,5.0,4.1231,3.1623,4.4721
"(8, 4)",8.4853,6.0828,0.0,5.0,1.4142,2.0,7.2801,6.4031
"(5, 8)",3.6056,4.2426,5.0,0.0,3.6056,4.1231,7.2111,1.4142
"(7, 5)",7.0711,5.0,1.4142,3.6056,0.0,1.4142,6.7082,5.0
"(6, 4)",7.2111,4.1231,2.0,4.1231,1.4142,0.0,5.3852,5.3852
"(1, 2)",8.0623,3.1623,7.2801,7.2111,6.7082,5.3852,0.0,7.6158
"(4, 9)",2.2361,4.4721,6.4031,1.4142,5.0,5.3852,7.6158,0.0
